0.0448	2.6213E-10	0.0448																	
0.0456	2.6019E-10	0.0456																	
0.0464	2.5807E-10	0.0464																	
0.0456	2.4617E-10	0.0456																	
0.0464	2.6883E-10	0.0464																	
0.0472	2.6574E-10	0.0472																	
0.0496	2.888E-10	0.0496																	
0.0504	2.9406E-10	0.0504																	
0.052	2.9005E-10	0.052																	
0.0528	3.0173E-10	0.0528																	
0.0544	3.1506E-10	0.0544																	
0.0536	3.0928E-10	0.0536																	
0.0552	3.047E-10	0.0552																	
0.0568	3.2313E-10	0.0568																	
0.0576	3.3766E-10	0.0576																	
0.0568	3.407E-10	0.0568																	
0.0592	3.5821E-10	0.0592																	
0.0592	3.5311E-10	0.0592																	
0.0616	3.7205E-10	0.0616				E	V												
0.0624	3.7406E-10	0.0624				0.06	4.9731E-10												
0.0616	3.7938E-10	0.0616				0.07	5.2268E-10												
0.0632	3.6971E-10	0.0632				0.08	5.5127E-10												
0.0672	3.8264E-10	0.0672				0.3	2.419E-09												
0.0696	4.049E-10	0.0696																	
0.0736	4.4198E-10	0.0736									80K						120K		
0.0744	4.271E-10	0.0744					E_pump	V_PD			E_pump	V_PD					E_pump	V_PD	#
0.0768	4.5325E-10	0.0768					2.30E-10	8.05E-02		#1	4.55334E-10	0.04		0.04			"4,55e-10"	0.04	1
0.0744	4.2716E-10	0.0744					4.59E-10	1.02E-01		#7	5.5127E-10	0.08		0.16			"9,22e-10"	0.16	6
0.0808	4.6927E-10	0.0808					9.18E-10	1.45E-01		#2	9.22086E-10	0.16		0.4			"4,63e-9"	0.41	2
0.0792	4.4604E-10	0.0792					2.30E-09	2.58E-01		#6	2.419E-09	0.3		0.95	ase		"9,11e-9"	0.55	5
0.0856	5.0601E-10	0.0856					4.59E-09	4.09E-01		#3	4.384E-09	0.4		0.08			"4,55e-8"	1.06	3
0.0816	4.6475E-10	0.0816					9.18E-09	6.11E-01		#5	9.10994E-09	0.55		0.3			"8,3e-8"	1.36	4
0.0856	5.0881E-10	0.0856					3.67E-08	2.57E+00		#4	3.47199E-08	0.95		0.55					
0.0864	5.1848E-10	0.0864																	
0.092	5.3113E-10	0.092																	
0.0928	5.3656E-10	0.0928																	
0.0936	5.7588E-10	0.0936																	
0.0952	5.4921E-10	0.0952																	
0.0992	6.0454E-10	0.0992																	
0.0984	6.0271E-10	0.0984																	
0.104	5.8772E-10	0.104																	
0.104	5.9802E-10	0.104																	
0.1056	6.5885E-10	0.1056																	
0.1088	5.5785E-10	0.1088																	
0.1072	6.3149E-10	0.1072																	
0.1056	6.4197E-10	0.1056																	
0.116	6.9661E-10	0.116																	
0.1168	6.6182E-10	0.1168																	
0.1216	7.3289E-10	0.1216																	
0.1208	7.4399E-10	0.1208																	
0.128	7.6957E-10	0.128																	
0.1288	7.7043E-10	0.1288																	
0.1328	8.0453E-10	0.1328																	
0.1312	8.0774E-10	0.1312																	
0.1352	8.11E-10	0.1352																	
0.1376	8.4916E-10	0.1376																	
0.1376	8.4625E-10	0.1376																	
0.1344	8.3932E-10	0.1344																	
0.144	8.1649E-10	0.144																	
0.1464	8.9763E-10	0.1464																	
0.144	8.1432E-10	0.144																	
0.1464	9.176E-10	0.1464																	
0.1504	9.3162E-10	0.1504																	
0.1496	9.1663E-10	0.1496																	
0.1536	8.9054E-10	0.1536																	
0.1552	9.5617E-10	0.1552																	
0.1536	9.7969E-10	0.1536																	
0.16	1.0217E-09	0.16																	
0.1624	9.0816E-10	0.1624																	
0.16	1.0236E-09	0.16																	
0.1704	1.0858E-09	0.1704																	
0.1704	1.0853E-09	0.1704																	
0.1728	1.1152E-09	0.1728																	
0.1736	1.1392E-09	0.1736																	
0.1712	1.1361E-09	0.1712																	
0.1712	1.1935E-09	0.1712																	
0.1728	1.1848E-09	0.1728																	
0.1736	1.0962E-09	0.1736																	
0.172	1.2505E-09	0.172																	
0.1728	1.1975E-09	0.1728																	
0.1712	1.2126E-09	0.1712																	
0.1736	1.3039E-09	0.1736																	
0.1736	1.2304E-09	0.1736																	
0.194	1.3143E-09	0.194																	
0.196	1.3099E-09	0.196																	
0.15	9.251E-10	0.15																	
0.154	9.2441E-10	0.154																	
0.16	1.0046E-09	0.16																	
0.158	1.0255E-09	0.158																	
0.16	1.0144E-09	0.16																	
0.146	8.9975E-10	0.146																	
0.142	9.7585E-10	0.142																	
0.17	1.1454E-09	0.17																	
0.168	1.146E-09	0.168																	
0.172	1.1266E-09	0.172																	
0.174	1.1575E-09	0.174																	
0.184	1.2572E-09	0.184																	
0.18	1.2423E-09	0.18																	
0.186	1.2602E-09	0.186																	
0.186	1.18E-09	0.186																	
0.182	1.3212E-09	0.182																	
0.194	1.2073E-09	0.194																	
0.19	1.2959E-09	0.19																	
0.19	1.3556E-09	0.19																	
0.204	1.3843E-09	0.204																	
0.196	1.393E-09	0.196																	
0.194	1.3887E-09	0.194																	
0.2	1.3548E-09	0.2																	
0.21	1.4895E-09	0.21																	
0.206	1.4142E-09	0.206																	
0.224	1.4169E-09	0.224																	
0.22	1.587E-09	0.22																	
0.222	1.5595E-09	0.222																	
0.224	1.5997E-09	0.224																	
0.226	1.6769E-09	0.226																	
0.232	1.6459E-09	0.232																	
0.242	1.7463E-09	0.242																	
0.236	1.7299E-09	0.236																	
0.246	1.8287E-09	0.246																	
0.25	1.871E-09	0.25																	
0.262	1.9989E-09	0.262																	
0.276	2.1402E-09	0.276																	
0.276	2.1595E-09	0.276																	
0.272	2.0881E-09	0.272																	
0.276	2.2323E-09	0.276																	
0.276	1.6737E-09	0.276																	
0.272	2.2242E-09	0.272																	
0.272	2.2431E-09	0.272																	
0.276	2.2219E-09	0.276																	
0.28	2.3667E-09	0.28																	
0.296	2.417E-09	0.296																	
0.3	2.5961E-09	0.3																	
0.316	2.6596E-09	0.316																	
0.312	2.6871E-09	0.312																	
0.308	2.6705E-09	0.308																	
0.32	2.7689E-09	0.32																	
0.332	2.892E-09	0.332																	
0.332	2.845E-09	0.332																	
0.348	3.3091E-09	0.348																	
0.356	3.3085E-09	0.356																	
0.356	3.2925E-09	0.356																	
0.356	3.2633E-09	0.356																	
0.348	3.332E-09	0.348																	
0.348	3.265E-09	0.348																	
0.352	3.4653E-09	0.352																	
0.372	3.7497E-09	0.372																	
0.376	3.6147E-09	0.376																	
0.376	3.8127E-09	0.376																	
0.388	3.8767E-09	0.388																	
0.404	4.2309E-09	0.404																	
0.42	4.6761E-09	0.42																	
0.432	4.893E-09	0.432																	
0.432	4.8999E-09	0.432																	
0.444	4.9685E-09	0.444																	
0.456	5.3714E-09	0.456																	
0.468	5.3714E-09	0.468																	
0.476	5.7473E-09	0.476																	
0.484	6.3235E-09	0.484																	
0.488	5.7685E-09	0.488																	
0.496	6.6434E-09	0.496																	
0.516	7.0583E-09	0.516																	
0.512	6.9261E-09	0.512																	
0.528	7.4245E-09	0.528																	
0.524	7.2499E-09	0.524																	
0.54	7.6516E-09	0.54																	
0.54	7.5824E-09	0.54																	
0.548	8.0842E-09	0.548																	
0.552	8.098E-09	0.552																	
0.548	7.924E-09	0.548																	
0.556	8.5769E-09	0.556																	
0.56	8.5946E-09	0.56																	
0.576	8.9013E-09	0.576																	
0.576	9.3065E-09	0.576																	
0.568	9.3608E-09	0.568																	
0.576	9.1938E-09	0.576																	
0.584	9.5451E-09	0.584																	
0.6	9.917E-09	0.6																	
0.6	1.0851E-08	0.6																	
0.624	1.118E-08	0.624																	
0.632	1.0065E-08	0.632																	
0.632	1.1175E-08	0.632																	
0.648	1.1827E-08	0.648																	
0.64	1.2083E-08	0.64																	
0.656	1.1464E-08	0.656																	
0.664	1.3414E-08	0.664																	
0.664	1.2229E-08	0.664																	
0.664	1.2357E-08	0.664																	
0.672	1.2622E-08	0.672																	
0.68	1.2784E-08	0.68																	
0.68	1.3172E-08	0.68																	
0.672	1.4845E-08	0.672																	
0.688	1.4044E-08	0.688																	
0.688	1.4054E-08	0.688																	
0.688	1.4659E-08	0.688																	
0.696	1.3791E-08	0.696																	
0.704	1.5454E-08	0.704																	
0.704	1.4696E-08	0.704																	
0.736	1.5876E-08	0.736																	
0.744	1.7264E-08	0.744																	
0.744	1.705E-08	0.744																	
0.744	1.7148E-08	0.744																	
0.76	1.6363E-08	0.76																	
0.736	1.5914E-08	0.736																	
0.744	1.7207E-08	0.744																	
0.752	1.707E-08	0.752																	
0.752	1.8993E-08	0.752																	
0.752	1.8621E-08	0.752																	
0.76	1.634E-08	0.76																	
0.768	1.6199E-08	0.768																	
0.784	1.8713E-08	0.784																	
0.768	1.7078E-08	0.768																	
0.784	2.0815E-08	0.784																	
0.776	2.0011E-08	0.776																	
0.784	1.9298E-08	0.784																	
0.808	2.2787E-08	0.808																	
0.832	2.2664E-08	0.832																	
0.808	2.2044E-08	0.808																	
0.816	2.2703E-08	0.816																	
0.816	2.2917E-08	0.816																	
0.816	2.2601E-08	0.816																	
0.824	2.3335E-08	0.824																	
0.864	2.3469E-08	0.864																	
0.864	2.5537E-08	0.864																	
0.88	2.3439E-08	0.88																	
0.888	2.8457E-08	0.888																	
0.896	2.5042E-08	0.896																	
0.896	2.5866E-08	0.896																	
0.888	2.5719E-08	0.888																	
0.896	2.7574E-08	0.896																	
0.888	2.5835E-08	0.888																	
0.896	2.6911E-08	0.896																	
0.904	2.5595E-08	0.904																	
0.904	2.8462E-08	0.904																	
0.904	2.7953E-08	0.904																	
0.888	2.7403E-08	0.888																	
0.864	2.6591E-08	0.864																	
0.888	2.7472E-08	0.888																	
0.88	2.7472E-08	0.88																	
0.888	2.948E-08	0.888																	
0.912	3.0287E-08	0.912																	
0.912	3.0991E-08	0.912																	
0.912	2.7781E-08	0.912																	
0.92	2.7094E-08	0.92																	
0.92	3.2273E-08	0.92																	
0.936	3.0344E-08	0.936																	
0.976	3.158E-08	0.976																	
0.976	3.3211E-08	0.976																	
0.976	3.5849E-08	0.976																	
0.992	3.3726E-08	0.992																	
0.992	3.4705E-08	0.992																	
0.992	3.5958E-08	0.992																	
1.016	3.5025E-08	1.016																	
1.024	3.9929E-08	1.024																	
1.02	3.8642E-08	1.02																	
1.04	3.8825E-08	1.04																	
1.04	4.0558E-08	1.04																	
1.04	4.2453E-08	1.04																	
1.1	4.2727E-08	1.1																	
1.14	4.2664E-08	1.14																	
1.14	4.4244E-08	1.14																	
1.14	4.6893E-08	1.14																	
1.14	4.2218E-08	1.14																	
1.16	4.4764E-08	1.16																	
1.16	5.1219E-08	1.16																	
1.18	4.8329E-08	1.18																	
1.14	4.4181E-08	1.14																	
1.12	4.5399E-08	1.12																	
1.2	5.008E-08	1.2																	
1.24	6.181E-08	1.24																	
1.26	6.0357E-08	1.26																	
1.2	5.1722E-08	1.2																	
1.14	4.4896E-08	1.14																	
1.2	5.8114E-08	1.2																	
1.24	5.7055E-08	1.24																	
1.26	5.6809E-08	1.26																	
1.28	5.939E-08	1.28																	
1.3	6.43E-08	1.3																	
1.3	6.1971E-08	1.3																	
1.32	6.4385E-08	1.32																	
1.3	6.7252E-08	1.3																	
1.32	6.8883E-08	1.32																	
1.32	6.8809E-08	1.32																	
1.34	7.2803E-08	1.34																	
1.34	7.1149E-08	1.34																	
1.34	6.4477E-08	1.34																	
